results/fast_seed0 [(0, 1.0), (16, 0.99853515625), (64, 0.99951171875), (256, 0.99853515625)]
results/fast_seed1 [(0, 1.0), (16, 1.0), (64, 0.99951171875), (256, 1.0)]
results/fast_seed2 [(0, 1.0), (16, 1.0), (64, 1.0), (256, 1.0)]
results/frozen_keys_seed0 [(0, 0.2529296875), (16, 0.236328125), (64, 0.2275390625), (256, 0.2216796875)]
results/frozen_keys_seed1 [(0, 0.3203125), (16, 0.3076171875), (64, 0.30078125), (256, 0.32177734375)]
results/frozen_keys_seed2 [(0, 0.36279296875), (16, 0.3544921875), (64, 0.3349609375), (256, 0.33740234375)]
results/gru_seed0 [(0, 0.0205078125), (16, 0.0146484375), (64, 0.015625), (256, 0.0146484375)]
results/gru_seed1 [(0, 0.01806640625), (16, 0.01025390625), (64, 0.00830078125), (256, 0.0146484375)]
results/gru_seed2 [(0, 0.02099609375), (16, 0.01318359375), (64, 0.01513671875), (256, 0.01416015625)]
capacity_results/fast_k8_seed0 [(0, 0.232421875), (16, 0.205078125), (64, 0.197265625), (256, 0.1845703125)]
capacity_results/fast_k8_seed1 [(0, 0.2197265625), (16, 0.19384765625), (64, 0.19921875), (256, 0.18359375)]
capacity_results/fast_k8_seed2 [(0, 0.22265625), (16, 0.20703125), (64, 0.20068359375), (256, 0.20361328125)]
